00100001100000000000111110010011
00000000001111110000111100010011
00000000000000000000111010010011
00000001111011101000101001100011
01000001111100000000111000110011
01000001110011111000111110110011
00000000000111101000111010010011
00000000110000000000111001100111
00000000000000000000111100010011
00000000000000000000111000010011
00000000000000000000111010010011
00101111001000000000000000010011
11101101101000001000000010010011
00001000111100010000000100010011
11110001111100011000000110010011
00110011000000100000001000010011
00011010000100101000001010010011
11100010101100110000001100010011
00110011100000111000001110010011
11011010111101000000010000010011
11011111100001001000010010010011
11001011111001010000010100010011
00000000010001011000010110010011
11101110010101100000011000010011
00000011000001101000011010010011
11010100110001110000011100010011
11011100110001111000011110010011
11010110001010000000100000010011
00001101110010001000100010010011
00101100110110010000100100010011
00100101111010011000100110010011
00100010110010100000101000010011
11110101011110101000101010010011
00100011011010110000101100010011
11110000101010111000101110010011
00000011101111000000110000010011
00101100011011001000110010010011
11011101101011010000110100010011
00011111100011011000110110010011
00100101010011100000111000010011
11111010010111101000111010010011
01000000000000001000000000110011
00000110000011111010111000100011
01000000000100010000000010110011
00001000000111111010000000100011
01000000001000011000000100110011
00001000001011111010001000100011
01000000001100100000000110110011
00001000001111111010010000100011
01000000010000101000001000110011
00001000010011111010011000100011
01000000010100110000001010110011
00001000010111111010100000100011
01000000011000111000001100110011
00001000011011111010101000100011
01000000011101000000001110110011
00001000011111111010110000100011
01000000100001001000010000110011
00001000100011111010111000100011
01000000100101010000010010110011
00001010100111111010000000100011
01000000101001011000010100110011
00001010101011111010001000100011
01000000101101100000010110110011
00001010101111111010010000100011
01000000110001101000011000110011
00001010110011111010011000100011
01000000110101110000011010110011
00001010110111111010100000100011
01000000111001111000011100110011
00001010111011111010101000100011
01000000111110000000011110110011
00001010111111111010110000100011
01000001000010001000100000110011
00001011000011111010111000100011
01000001000110010000100010110011
00001101000111111010000000100011
01000001001010011000100100110011
00001101001011111010001000100011
01000001001110100000100110110011
00001101001111111010010000100011
01000001010010101000101000110011
00001101010011111010011000100011
01000001010110110000101010110011
00001101010111111010100000100011
01000001011010111000101100110011
00001101011011111010101000100011
01000001011111000000101110110011
00001101011111111010110000100011
01000001100011001000110000110011
00001101100011111010111000100011
01000001100111010000110010110011
00001111100111111010000000100011
01000001101011011000110100110011
00001111101011111010001000100011
01000001101111100000110110110011
00001111101111111010010000100011
01000001110011101000111000110011
00001111110011111010011000100011
01000001110111110000111010110011
00001111110111111010100000100011
11010110010000000000000000010011
11111011100000001000000010010011
11101111101100010000000100010011
11001111111100011000000110010011
11100010101100100000001000010011
11101101010000101000001010010011
11101011101000110000001100010011
00000111100000111000001110010011
00110001000001000000010000010011
00100101001001001000010010010011
11011101111001010000010100010011
11100010000001011000010110010011
00001000110001100000011000010011
00111000011001101000011010010011
11111100000101110000011100010011
00101111011001111000011110010011
11101101111110000000100000010011
11100011010110001000100010010011
11010000001110010000100100010011
11010100110010011000100110010011
00001000101110100000101000010011
00111100010010101000101010010011
00001011110110110000101100010011
11011000010110111000101110010011
11010010010011000000110000010011
00110010100111001000110010010011
00101100110011010000110100010011
11010100100111011000110110010011
11110011011011100000111000010011
11000111011111101000111010010011
01000000000000001000000000110011
00000110000011111010111000100011
01000000000100010000000010110011
00001000000111111010000000100011
01000000001000011000000100110011
00001000001011111010001000100011
01000000001100100000000110110011
00001000001111111010010000100011
01000000010000101000001000110011
00001000010011111010011000100011
01000000010100110000001010110011
00001000010111111010100000100011
01000000011000111000001100110011
00001000011011111010101000100011
01000000011101000000001110110011
00001000011111111010110000100011
01000000100001001000010000110011
00001000100011111010111000100011
01000000100101010000010010110011
00001010100111111010000000100011
01000000101001011000010100110011
00001010101011111010001000100011
01000000101101100000010110110011
00001010101111111010010000100011
01000000110001101000011000110011
00001010110011111010011000100011
01000000110101110000011010110011
00001010110111111010100000100011
01000000111001111000011100110011
00001010111011111010101000100011
01000000111110000000011110110011
00001010111111111010110000100011
01000001000010001000100000110011
00001011000011111010111000100011
01000001000110010000100010110011
00001101000111111010000000100011
01000001001010011000100100110011
00001101001011111010001000100011
01000001001110100000100110110011
00001101001111111010010000100011
01000001010010101000101000110011
00001101010011111010011000100011
01000001010110110000101010110011
00001101010111111010100000100011
01000001011010111000101100110011
00001101011011111010101000100011
01000001011111000000101110110011
00001101011111111010110000100011
01000001100011001000110000110011
00001101100011111010111000100011
01000001100111010000110010110011
00001111100111111010000000100011
01000001101011011000110100110011
00001111101011111010001000100011
01000001101111100000110110110011
00001111101111111010010000100011
01000001110011101000111000110011
00001111110011111010011000100011
01000001110111110000111010110011
00001111110111111010100000100011
11010000010000000000000000010011
11001010010000001000000010010011
11001010011100010000000100010011
00111011010100011000000110010011
00010101110000100000001000010011
11000000011000101000001010010011
00100010100100110000001100010011
00001010010100111000001110010011
00110100101001000000010000010011
11001010111001001000010010010011
11001010100001010000010100010011
11110100000001011000010110010011
00010011111101100000011000010011
00000000000001101000011010010011
11010001101001110000011100010011
00000101101001111000011110010011
00010101010010000000100000010011
11001011011110001000100010010011
00101001110110010000100100010011
00100111101110011000100110010011
00110001111010100000101000010011
11010101011010101000101010010011
11100011001110110000101100010011
00000000110010111000101110010011
11101110111011000000110000010011
11110101001111001000110010010011
00011101010111010000110100010011
00010011010011011000110110010011
00100100100111100000111000010011
00111010101011101000111010010011
01000000000000001000000000110011
00000110000011111010111000100011
01000000000100010000000010110011
00001000000111111010000000100011
01000000001000011000000100110011
00001000001011111010001000100011
01000000001100100000000110110011
00001000001111111010010000100011
01000000010000101000001000110011
00001000010011111010011000100011
01000000010100110000001010110011
00001000010111111010100000100011
01000000011000111000001100110011
00001000011011111010101000100011
01000000011101000000001110110011
00001000011111111010110000100011
01000000100001001000010000110011
00001000100011111010111000100011
01000000100101010000010010110011
00001010100111111010000000100011
01000000101001011000010100110011
00001010101011111010001000100011
01000000101101100000010110110011
00001010101111111010010000100011
01000000110001101000011000110011
00001010110011111010011000100011
01000000110101110000011010110011
00001010110111111010100000100011
01000000111001111000011100110011
00001010111011111010101000100011
01000000111110000000011110110011
00001010111111111010110000100011
01000001000010001000100000110011
00001011000011111010111000100011
01000001000110010000100010110011
00001101000111111010000000100011
01000001001010011000100100110011
00001101001011111010001000100011
01000001001110100000100110110011
00001101001111111010010000100011
01000001010010101000101000110011
00001101010011111010011000100011
01000001010110110000101010110011
00001101010111111010100000100011
01000001011010111000101100110011
00001101011011111010101000100011
01000001011111000000101110110011
00001101011111111010110000100011
01000001100011001000110000110011
00001101100011111010111000100011
01000001100111010000110010110011
00001111100111111010000000100011
01000001101011011000110100110011
00001111101011111010001000100011
01000001101111100000110110110011
00001111101111111010010000100011
01000001110011101000111000110011
00001111110011111010011000100011
01000001110111110000111010110011
00001111110111111010100000100011
00110001010000000000000000010011
11011111110100001000000010010011
00101000010000010000000100010011
11101011000000011000000110010011
11000001100100100000001000010011
00011000111000101000001010010011
00011001000100110000001100010011
11111111101000111000001110010011
00111111011001000000010000010011
00011101001101001000010010010011
00011100100101010000010100010011
11010100111001011000010110010011
11110011011101100000011000010011
11101010111001101000011010010011
00101001110001110000011100010011
00101101000001111000011110010011
00011011011010000000100000010011
00010001010010001000100010010011
11001010101110010000100100010011
00000111101010011000100110010011
00111101000110100000101000010011
00000100001010101000101010010011
00101000011010110000101100010011
11100011011010111000101110010011
00100110110111000000110000010011
11110011000011001000110010010011
00100101000011010000110100010011
00111111000111011000110110010011
00000111000111100000111000010011
11101100000011101000111010010011
01000000000000001000000000110011
00000110000011111010111000100011
01000000000100010000000010110011
00001000000111111010000000100011
01000000001000011000000100110011
00001000001011111010001000100011
01000000001100100000000110110011
00001000001111111010010000100011
01000000010000101000001000110011
00001000010011111010011000100011
01000000010100110000001010110011
00001000010111111010100000100011
01000000011000111000001100110011
00001000011011111010101000100011
01000000011101000000001110110011
00001000011111111010110000100011
01000000100001001000010000110011
00001000100011111010111000100011
01000000100101010000010010110011
00001010100111111010000000100011
01000000101001011000010100110011
00001010101011111010001000100011
01000000101101100000010110110011
00001010101111111010010000100011
01000000110001101000011000110011
00001010110011111010011000100011
01000000110101110000011010110011
00001010110111111010100000100011
01000000111001111000011100110011
00001010111011111010101000100011
01000000111110000000011110110011
00001010111111111010110000100011
01000001000010001000100000110011
00001011000011111010111000100011
01000001000110010000100010110011
00001101000111111010000000100011
01000001001010011000100100110011
00001101001011111010001000100011
01000001001110100000100110110011
00001101001111111010010000100011
01000001010010101000101000110011
00001101010011111010011000100011
01000001010110110000101010110011
00001101010111111010100000100011
01000001011010111000101100110011
00001101011011111010101000100011
01000001011111000000101110110011
00001101011111111010110000100011
01000001100011001000110000110011
00001101100011111010111000100011
01000001100111010000110010110011
00001111100111111010000000100011
01000001101011011000110100110011
00001111101011111010001000100011
01000001101111100000110110110011
00001111101111111010010000100011
01000001110011101000111000110011
00001111110011111010011000100011
01000001110111110000111010110011
00001111110111111010100000100011
11100110000000000000000000010011
11000011010000001000000010010011
00001000011100010000000100010011
00110010000100011000000110010011
00001110000000100000001000010011
11010111100100101000001010010011
00110111011100110000001100010011
00011000010000111000001110010011
11010100000001000000010000010011
00101111010001001000010010010011
11010000000101010000010100010011
00001101101001011000010110010011
00111000111101100000011000010011
00110010000001101000011010010011
11101100100101110000011100010011
00000111000001111000011110010011
00011011001010000000100000010011
00010000111010001000100010010011
00101000001010010000100100010011
11010011101010011000100110010011
11101101001010100000101000010011
11011111100010101000101010010011
00000010100110110000101100010011
11000100010110111000101110010011
11010101001111000000110000010011
00111101101011001000110010010011
11100100111011010000110100010011
11001000001111011000110110010011
00111100000111100000111000010011
00101010101111101000111010010011
01000000000000001000000000110011
00000110000011111010111000100011
01000000000100010000000010110011
00001000000111111010000000100011
01000000001000011000000100110011
00001000001011111010001000100011
01000000001100100000000110110011
00001000001111111010010000100011
01000000010000101000001000110011
00001000010011111010011000100011
01000000010100110000001010110011
00001000010111111010100000100011
01000000011000111000001100110011
00001000011011111010101000100011
01000000011101000000001110110011
00001000011111111010110000100011
01000000100001001000010000110011
00001000100011111010111000100011
01000000100101010000010010110011
00001010100111111010000000100011
01000000101001011000010100110011
00001010101011111010001000100011
01000000101101100000010110110011
00001010101111111010010000100011
01000000110001101000011000110011
00001010110011111010011000100011
01000000110101110000011010110011
00001010110111111010100000100011
01000000111001111000011100110011
00001010111011111010101000100011
01000000111110000000011110110011
00001010111111111010110000100011
01000001000010001000100000110011
00001011000011111010111000100011
01000001000110010000100010110011
00001101000111111010000000100011
01000001001010011000100100110011
00001101001011111010001000100011
01000001001110100000100110110011
00001101001111111010010000100011
01000001010010101000101000110011
00001101010011111010011000100011
01000001010110110000101010110011
00001101010111111010100000100011
01000001011010111000101100110011
00001101011011111010101000100011
01000001011111000000101110110011
00001101011111111010110000100011
01000001100011001000110000110011
00001101100011111010111000100011
01000001100111010000110010110011
00001111100111111010000000100011
01000001101011011000110100110011
00001111101011111010001000100011
01000001101111100000110110110011
00001111101111111010010000100011
01000001110011101000111000110011
00001111110011111010011000100011
01000001110111110000111010110011
00001111110111111010100000100011
11111000101100000000000000010011
11010000010000001000000010010011
00101111000000010000000100010011
00010100101100011000000110010011
11101100011100100000001000010011
00011101101100101000001010010011
11000000001100110000001100010011
00011111110100111000001110010011
00000011100001000000010000010011
00110001010001001000010010010011
00100100101001010000010100010011
00100101101001011000010110010011
00000100001101100000011000010011
11000010010001101000011010010011
11001101110001110000011100010011
11011010100001111000011110010011
00100110001110000000100000010011
11010110100010001000100010010011
00001010100010010000100100010011
11010101110110011000100110010011
11110001100010100000101000010011
00100111111010101000101010010011
11011010010010110000101100010011
00011000011110111000101110010011
00110100000011000000110000010011
11110000111111001000110010010011
11101110000011010000110100010011
00100100111111011000110110010011
00001100011011100000111000010011
11100101110011101000111010010011
01000000000000001000000000110011
00000110000011111010111000100011
01000000000100010000000010110011
00001000000111111010000000100011
01000000001000011000000100110011
00001000001011111010001000100011
01000000001100100000000110110011
00001000001111111010010000100011
01000000010000101000001000110011
00001000010011111010011000100011
01000000010100110000001010110011
00001000010111111010100000100011
01000000011000111000001100110011
00001000011011111010101000100011
01000000011101000000001110110011
00001000011111111010110000100011
01000000100001001000010000110011
00001000100011111010111000100011
01000000100101010000010010110011
00001010100111111010000000100011
01000000101001011000010100110011
00001010101011111010001000100011
01000000101101100000010110110011
00001010101111111010010000100011
01000000110001101000011000110011
00001010110011111010011000100011
01000000110101110000011010110011
00001010110111111010100000100011
01000000111001111000011100110011
00001010111011111010101000100011
01000000111110000000011110110011
00001010111111111010110000100011
01000001000010001000100000110011
00001011000011111010111000100011
01000001000110010000100010110011
00001101000111111010000000100011
01000001001010011000100100110011
00001101001011111010001000100011
01000001001110100000100110110011
00001101001111111010010000100011
01000001010010101000101000110011
00001101010011111010011000100011
01000001010110110000101010110011
00001101010111111010100000100011
01000001011010111000101100110011
00001101011011111010101000100011
01000001011111000000101110110011
00001101011111111010110000100011
01000001100011001000110000110011
00001101100011111010111000100011
01000001100111010000110010110011
00001111100111111010000000100011
01000001101011011000110100110011
00001111101011111010001000100011
01000001101111100000110110110011
00001111101111111010010000100011
01000001110011101000111000110011
00001111110011111010011000100011
01000001110111110000111010110011
00001111110111111010100000100011
11010111001000000000000000010011
00010100111100001000000010010011
00100110010000010000000100010011
11010010110000011000000110010011
11101111101000100000001000010011
00111011111100101000001010010011
00101111100000110000001100010011
00101001111000111000001110010011
11001000100101000000010000010011
11000100100101001000010010010011
11010010111001010000010100010011
00010100011001011000010110010011
11111001011001100000011000010011
00010010100101101000011010010011
11010110001101110000011100010011
00011110110101111000011110010011
00001010010110000000100000010011
00110011000010001000100010010011
00000011101010010000100100010011
11111001011010011000100110010011
11100011000010100000101000010011
00001101010110101000101010010011
00100110010010110000101100010011
00110110010110111000101110010011
11011001100011000000110000010011
00101001001111001000110010010011
11011100101011010000110100010011
00110010010111011000110110010011
00101011010111100000111000010011
00101001010011101000111010010011
01000000000000001000000000110011
00000110000011111010111000100011
01000000000100010000000010110011
00001000000111111010000000100011
01000000001000011000000100110011
00001000001011111010001000100011
01000000001100100000000110110011
00001000001111111010010000100011
01000000010000101000001000110011
00001000010011111010011000100011
01000000010100110000001010110011
00001000010111111010100000100011
01000000011000111000001100110011
00001000011011111010101000100011
01000000011101000000001110110011
00001000011111111010110000100011
01000000100001001000010000110011
00001000100011111010111000100011
01000000100101010000010010110011
00001010100111111010000000100011
01000000101001011000010100110011
00001010101011111010001000100011
01000000101101100000010110110011
00001010101111111010010000100011
01000000110001101000011000110011
00001010110011111010011000100011
01000000110101110000011010110011
00001010110111111010100000100011
01000000111001111000011100110011
00001010111011111010101000100011
01000000111110000000011110110011
00001010111111111010110000100011
01000001000010001000100000110011
00001011000011111010111000100011
01000001000110010000100010110011
00001101000111111010000000100011
01000001001010011000100100110011
00001101001011111010001000100011
01000001001110100000100110110011
00001101001111111010010000100011
01000001010010101000101000110011
00001101010011111010011000100011
01000001010110110000101010110011
00001101010111111010100000100011
01000001011010111000101100110011
00001101011011111010101000100011
01000001011111000000101110110011
00001101011111111010110000100011
01000001100011001000110000110011
00001101100011111010111000100011
01000001100111010000110010110011
00001111100111111010000000100011
01000001101011011000110100110011
00001111101011111010001000100011
01000001101111100000110110110011
00001111101111111010010000100011
01000001110011101000111000110011
00001111110011111010011000100011
01000001110111110000111010110011
00001111110111111010100000100011
00110010000000000000000000010011
00011011000100001000000010010011
11011111010100010000000100010011
00011100100000011000000110010011
11011010101100100000001000010011
11100011101000101000001010010011
00111001010100110000001100010011
11100011110000111000001110010011
00100111111101000000010000010011
00101101101001001000010010010011
00010000011101010000010100010011
00010001100101011000010110010011
11110011010001100000011000010011
00001001110101101000011010010011
00101110011101110000011100010011
00101110111001111000011110010011
00110100111010000000100000010011
11000000100110001000100010010011
00000100111110010000100100010011
00011010000110011000100110010011
00111011000010100000101000010011
00111111010010101000101010010011
11011100000110110000101100010011
11011001100110111000101110010011
11001000110111000000110000010011
00011010101011001000110010010011
11110010010011010000110100010011
00001110011011011000110110010011
11101101001111100000111000010011
00101110001011101000111010010011
01000000000000001000000000110011
00000110000011111010111000100011
01000000000100010000000010110011
00001000000111111010000000100011
01000000001000011000000100110011
00001000001011111010001000100011
01000000001100100000000110110011
00001000001111111010010000100011
01000000010000101000001000110011
00001000010011111010011000100011
01000000010100110000001010110011
00001000010111111010100000100011
01000000011000111000001100110011
00001000011011111010101000100011
01000000011101000000001110110011
00001000011111111010110000100011
01000000100001001000010000110011
00001000100011111010111000100011
01000000100101010000010010110011
00001010100111111010000000100011
01000000101001011000010100110011
00001010101011111010001000100011
01000000101101100000010110110011
00001010101111111010010000100011
01000000110001101000011000110011
00001010110011111010011000100011
01000000110101110000011010110011
00001010110111111010100000100011
01000000111001111000011100110011
00001010111011111010101000100011
01000000111110000000011110110011
00001010111111111010110000100011
01000001000010001000100000110011
00001011000011111010111000100011
01000001000110010000100010110011
00001101000111111010000000100011
01000001001010011000100100110011
00001101001011111010001000100011
01000001001110100000100110110011
00001101001111111010010000100011
01000001010010101000101000110011
00001101010011111010011000100011
01000001010110110000101010110011
00001101010111111010100000100011
01000001011010111000101100110011
00001101011011111010101000100011
01000001011111000000101110110011
00001101011111111010110000100011
01000001100011001000110000110011
00001101100011111010111000100011
01000001100111010000110010110011
00001111100111111010000000100011
01000001101011011000110100110011
00001111101011111010001000100011
01000001101111100000110110110011
00001111101111111010010000100011
01000001110011101000111000110011
00001111110011111010011000100011
01000001110111110000111010110011
00001111110111111010100000100011
11010100011000000000000000010011
00100101110000001000000010010011
11110010001000010000000100010011
11100101100000011000000110010011
00101101001000100000001000010011
00000100010100101000001010010011
00000011100100110000001100010011
00111011110000111000001110010011
00100011100101000000010000010011
11000001110001001000010010010011
00001111111101010000010100010011
11001010101001011000010110010011
00101000111001100000011000010011
00110110111001101000011010010011
11101111111001110000011100010011
11100100110001111000011110010011
00010100100010000000100000010011
00011000110010001000100010010011
00100110011110010000100100010011
11111100010010011000100110010011
11111000010010100000101000010011
11011010100110101000101010010011
00100110001010110000101100010011
00111111001010111000101110010011
11101101011011000000110000010011
00101111111111001000110010010011
00111110110111010000110100010011
00010110000011011000110110010011
11001110010111100000111000010011
00011001111111101000111010010011
01000000000000001000000000110011
00000110000011111010111000100011
01000000000100010000000010110011
00001000000111111010000000100011
01000000001000011000000100110011
00001000001011111010001000100011
01000000001100100000000110110011
00001000001111111010010000100011
01000000010000101000001000110011
00001000010011111010011000100011
01000000010100110000001010110011
00001000010111111010100000100011
01000000011000111000001100110011
00001000011011111010101000100011
01000000011101000000001110110011
00001000011111111010110000100011
01000000100001001000010000110011
00001000100011111010111000100011
01000000100101010000010010110011
00001010100111111010000000100011
01000000101001011000010100110011
00001010101011111010001000100011
01000000101101100000010110110011
00001010101111111010010000100011
01000000110001101000011000110011
00001010110011111010011000100011
01000000110101110000011010110011
00001010110111111010100000100011
01000000111001111000011100110011
00001010111011111010101000100011
01000000111110000000011110110011
00001010111111111010110000100011
01000001000010001000100000110011
00001011000011111010111000100011
01000001000110010000100010110011
00001101000111111010000000100011
01000001001010011000100100110011
00001101001011111010001000100011
01000001001110100000100110110011
00001101001111111010010000100011
01000001010010101000101000110011
00001101010011111010011000100011
01000001010110110000101010110011
00001101010111111010100000100011
01000001011010111000101100110011
00001101011011111010101000100011
01000001011111000000101110110011
00001101011111111010110000100011
01000001100011001000110000110011
00001101100011111010111000100011
01000001100111010000110010110011
00001111100111111010000000100011
01000001101011011000110100110011
00001111101011111010001000100011
01000001101111100000110110110011
00001111101111111010010000100011
01000001110011101000111000110011
00001111110011111010011000100011
01000001110111110000111010110011
00001111110111111010100000100011
11110011011000000000000000010011
00001001011100001000000010010011
00110000101100010000000100010011
00000110000000011000000110010011
11000110110000100000001000010011
00100011001100101000001010010011
00011010111100110000001100010011
00010100001000111000001110010011
00001001010101000000010000010011
00011000100101001000010010010011
11110001011001010000010100010011
00111000101101011000010110010011
11100100011001100000011000010011
11011111010101101000011010010011
00010111100001110000011100010011
11000010100001111000011110010011
11000010011010000000100000010011
11010010110110001000100010010011
00111111011010010000100100010011
00111000011010011000100110010011
11111100101010100000101000010011
00011101101110101000101010010011
11011010101110110000101100010011
11100011100010111000101110010011
00000100111111000000110000010011
00100111010111001000110010010011
00100011011011010000110100010011
11101111011011011000110110010011
00010111101111100000111000010011
00000101101111101000111010010011
01000000000000001000000000110011
00000110000011111010111000100011
01000000000100010000000010110011
00001000000111111010000000100011
01000000001000011000000100110011
00001000001011111010001000100011
01000000001100100000000110110011
00001000001111111010010000100011
01000000010000101000001000110011
00001000010011111010011000100011
01000000010100110000001010110011
00001000010111111010100000100011
01000000011000111000001100110011
00001000011011111010101000100011
01000000011101000000001110110011
00001000011111111010110000100011
01000000100001001000010000110011
00001000100011111010111000100011
01000000100101010000010010110011
00001010100111111010000000100011
01000000101001011000010100110011
00001010101011111010001000100011
01000000101101100000010110110011
00001010101111111010010000100011
01000000110001101000011000110011
00001010110011111010011000100011
01000000110101110000011010110011
00001010110111111010100000100011
01000000111001111000011100110011
00001010111011111010101000100011
01000000111110000000011110110011
00001010111111111010110000100011
01000001000010001000100000110011
00001011000011111010111000100011
01000001000110010000100010110011
00001101000111111010000000100011
01000001001010011000100100110011
00001101001011111010001000100011
01000001001110100000100110110011
00001101001111111010010000100011
01000001010010101000101000110011
00001101010011111010011000100011
01000001010110110000101010110011
00001101010111111010100000100011
01000001011010111000101100110011
00001101011011111010101000100011
01000001011111000000101110110011
00001101011111111010110000100011
01000001100011001000110000110011
00001101100011111010111000100011
01000001100111010000110010110011
00001111100111111010000000100011
01000001101011011000110100110011
00001111101011111010001000100011
01000001101111100000110110110011
00001111101111111010010000100011
01000001110011101000111000110011
00001111110011111010011000100011
01000001110111110000111010110011
00001111110111111010100000100011
00000000000000000000000001110011
00000000000000000000000000000000
00000000000000000000000000000000
00000000000000000000000000000000
00000000000000000000000000000000
00000000000000000000000000000000
00000000000000000000000000000000
00000000000000000000000000000000
00000000000000000000000000000000
00000000000000000000000000000000
00000000000000000000000000000000
00000000000000000000000000000000
00000000000000000000000000000000
00000000000000000000000000000000
00000000000000000000000000000000
00000000000000000000000000000000
00000000000000000000000000000000
00000000000000000000000000000000
00000000000000000000000000000000
00000000000000000000000000000000
00000000000000000000000000000000
00000000000000000000000000000000
00000000000000000000000000000000
00000000000000000000000000000000
00000000000000000000000000000000
00000000000000000000000000000000
00000000000000000000000000000000
00000000000000000000000000000000
00000000000000000000000000000000
00000000000000000000000000000000
00000000000000000000000000000000
00000000000000000000000000000000
00000000000000000000000000000000
00000000000000000000000000000000
00000000000000000000000000000000
00000000000000000000000000000000
00000000000000000000000000000000
00000000000000000000000000000000
00000000000000000000000000000000
00000000000000000000000000000000
00000000000000000000000000000000
00000000000000000000000000000000
00000000000000000000000000000000
00000000000000000000000000000000
00000000000000000000000000000000
00000000000000000000000000000000
00000000000000000000000000000000
00000000000000000000000000000000
00000000000000000000000000000000
00000000000000000000000000000000
00000000000000000000000000000000
00000000000000000000000000000000
00000000000000000000000000000000
00000000000000000000000000000000
00000000000000000000000000000000
00000000000000000000000000000000
00000000000000000000000000000000
00000000000000000000000000000000
00000000000000000000000000000000
00000000000000000000000000000000
00000000000000000000000000000000
00000000000000000000000000000000
00000000000000000000000000000000
00000000000000000000000000000000
00000000000000000000000000000000
00000000000000000000000000000000
00000000000000000000000000000000
00000000000000000000000000000000
00000000000000000000000000000000
00000000000000000000000000000000
00000000000000000000000000000000
00000000000000000000000000000000
00000000000000000000000000000000
00000000000000000000000000000000
00000000000000000000000000000000
00000000000000000000000000000000
00000000000000000000000000000000
00000000000000000000000000000000
00000000000000000000000000000000
00000000000000000000000000000000
00000000000000000000000000000000
00000000000000000000000000000000
00000000000000000000000000000000
00000000000000000000000000000000
00000000000000000000000000000000
00000000000000000000000000000000
00000000000000000000000000000000
00000000000000000000000000000000
00000000000000000000000000000000
00000000000000000000000000000000
00000000000000000000000000000000
00000000000000000000000000000000
00000000000000000000000000000000
00000000000000000000000000000000
00000000000000000000000000000000
00000000000000000000000000000000
00000000000000000000000000000000
00000000000000000000000000000000
00000000000000000000000000000000
00000000000000000000000000000000
00000000000000000000000000000000
00000000000000000000000000000000
00000000000000000000000000000000
00000000000000000000000000000000
00000000000000000000000000000000
00000000000000000000000000000000
00000000000000000000000000000000
00000000000000000000000000000000
00000000000000000000000000000000
00000000000000000000000000000000
00000000000000000000000000000000
00000000000000000000000000000000
00000000000000000000000000000000
00000000000000000000000000000000
00000000000000000000000000000000
00000000000000000000000000000000
00000000000000000000000000000000
00000000000000000000000000000000
00000000000000000000000000000000
00000000000000000000000000000000
00000000000000000000000000000000
00000000000000000000000000000000
00000000000000000000000000000000
00000000000000000000000000000000
00000000000000000000000000000000
00000000000000000000000000000000
00000000000000000000000000000000
00000000000000000000000000000000
00000000000000000000000000000000
00000000000000000000000000000000
00000000000000000000000000000000
00000000000000000000000000000000
00000000000000000000000000000000
00000000000000000000000000000000
00000000000000000000000000000000
00000000000000000000000000000000
00000000000000000000000000000000
00000000000000000000000000000000
00000000000000000000000000000000
00000000000000000000000000000000
00000000000000000000000000000000
00000000000000000000000000000000
00000000000000000000000000000000
00000000000000000000000000000000
00000000000000000000000000000000
00000000000000000000000000000000
00000000000000000000000000000000
00000000000000000000000000000000
00000000000000000000000000000000
00000000000000000000000000000000
00000000000000000000000000000000
00000000000000000000000000000000
00000000000000000000000000000000
00000000000000000000000000000000
00000000000000000000000000000000
00000000000000000000000000000000
00000000000000000000000000000000
00000000000000000000000000000000
00000000000000000000000000000000
00000000000000000000000000000000
00000000000000000000000000000000
00000000000000000000000000000000
00000000000000000000000000000000
00000000000000000000000000000000
00000000000000000000000000000000
00000000000000000000000000000000
00000000000000000000000000000000
00000000000000000000000000000000
00000000000000000000000000000000
00000000000000000000000000000000
00000000000000000000000000000000
00000000000000000000000000000000
00000000000000000000000000000000
00000000000000000000000000000000
00000000000000000000000000000000
00000000000000000000000000000000
00000000000000000000000000000000
00000000000000000000000000000000
00000000000000000000000000000000
00000000000000000000000000000000
00000000000000000000000000000000
00000000000000000000000000000000
00000000000000000000000000000000
00000000000000000000000000000000
00000000000000000000000000000000
00000000000000000000000000000000
00000000000000000000000000000000
00000000000000000000000000000000
00000000000000000000000000000000
00000000000000000000000000000000
00000000000000000000000000000000
00000000000000000000000000000000
11111111111111101010000001101001
00000000000000101011110001101000
11111111111111000011010110110000
00000000000000111100111101000001
11111111111111001100101000010111
00000000000000110010001101010110
11111111111111000111011000001000
00000000000000110100111110001110
11111111111111011011110110111111
00000000000000010100011010100001
11111111111111110100101011010001
11111111111111111111100101011010
00000000000000010011101000101101
11111111111111010111110101100011
00000000000000111001001001100010
11111111111110110101010100111011
00000000000001010111101011001011
11111111111110110010111001010010
00000000000000100101111011011001
00000000000000001101100011100110
11111111111111000100000010101000
00000000000001010111000011100100
11111111111110101111011101000010
00000000000000110000111110110101
11111111111111100111101111101111
00000000000000010100001100000111
11111111111111101010101110110101
00000000000000001110101011100101
11111111111111111010100000100111
00000000000000000000110101011101
00000000000000000000000000000000
00000000000000000000000000000000
00000000000000000000000000000000
00000000000000000000000000000000
00000000000000000000000000000000
00000000000000000000000000000000
00000000000000000000000000000000
00000000000000000000000000000000
00000000000000000000000000000000
00000000000000000000000000000000
00000000000000000000000000000000
00000000000000000000000000000000
00000000000000000000000000000000
00000000000000000000000000000000
00000000000000000000000000000000
00000000000000000000000000000000
00000000000000000000000000000000
00000000000000000000000000000000
00000000000000000000000000000000
00000000000000000000000000000000
00000000000000000000000000000000
00000000000000000000000000000000
00000000000000000000000000000000
00000000000000000000000000000000
00000000000000000000000000000000
00000000000000000000000000000000
00000000000000000000000000000000
00000000000000000000000000000000
00000000000000000000000000000000
00000000000000000000000000000000
00000000000000000000000000000000
00000000000000000000000000000000
00000000000000000000000000000000
00000000000000000000000000000000
00000000000000000000000000000000
00000000000000000000000000000000
00000000000000000000000000000000
00000000000000000000000000000000
00000000000000000000000000000000
00000000000000000000000000000000
00000000000000000000000000000000
00000000000000000000000000000000
00000000000000000000000000000000
00000000000000000000000000000000
00000000000000000000000000000000
00000000000000000000000000000000
00000000000000000000000000000000
00000000000000000000000000000000
00000000000000000000000000000000
00000000000000000000000000000000
00000000000000000000000000000000
00000000000000000000000000000000
00000000000000000000000000000000
00000000000000000000000000000000
00000000000000000000000000000000
00000000000000000000000000000000
00000000000000000000000000000000
00000000000000000000000000000000
00000000000000000000000000000000
00000000000000000000000000000000
00000000000000000000000000000000
00000000000000000000000000000000
00000000000000000000000000000000
00000000000000000000000000000000
00000000000000000000000000000000
00000000000000000000000000000000
00000000000000000000000000000000
00000000000000000000000000000000
00000000000000000000000000000000
00000000000000000000000000000000
00000000000000000000000000000000
00000000000000000000000000000000
00000000000000000000000000000000
00000000000000000000000000000000
00000000000000000000000000000000
00000000000000000000000000000000
00000000000000000000000000000000
00000000000000000000000000000000
00000000000000000000000000000000
00000000000000000000000000000000
00000000000000000000000000000000
00000000000000000000000000000000
00000000000000000000000000000000
00000000000000000000000000000000
00000000000000000000000000000000
00000000000000000000000000000000
00000000000000000000000000000000
00000000000000000000000000000000
00000000000000000000000000000000
00000000000000000000000000000000
00000000000000000000000000000000
00000000000000000000000000000000
00000000000000000000000000000000
00000000000000000000000000000000
00000000000000000000000000000000
00000000000000000000000000000000
00000000000000000000000000000000
00000000000000000000000000000000
00000000000000000000000000000000
00000000000000000000000000000000
00000000000000000000000000000000
00000000000000000000000000000000
00000000000000000000000000000000
00000000000000000000000000000000
00000000000000000000000000000000
00000000000000000000000000000000
00000000000000000000000000000000
00000000000000000000000000000000
00000000000000000000000000000000
00000000000000000000000000000000
00000000000000000000000000000000
00000000000000000000000000000000
00000000000000000000000000000000
00000000000000000000000000000000
00000000000000000000000000000000
00000000000000000000000000000000
00000000000000000000000000000000
00000000000000000000000000000000
00000000000000000000000000000000
00000000000000000000000000000000
00000000000000000000000000000000
00000000000000000000000000000000
00000000000000000000000000000000
00000000000000000000000000000000
00000000000000000000000000000000
00000000000000000000000000000000
00000000000000000000000000000000
00000000000000000000000000000000
00000000000000000000000000000000
00000000000000000000000000000000
00000000000000000000000000000000
00000000000000000000000000000000
00000000000000000000000000000000
00000000000000000000000000000000
00000000000000000000000000000000
00000000000000000000000000000000
00000000000000000000000000000000
00000000000000000000000000000000
00000000000000000000000000000000
00000000000000000000000000000000
00000000000000000000000000000000
00000000000000000000000000000000
00000000000000000000000000000000
00000000000000000000000000000000
00000000000000000000000000000000
00000000000000000000000000000000
00000000000000000000000000000000
00000000000000000000000000000000
00000000000000000000000000000000
00000000000000000000000000000000
00000000000000000000000000000000
00000000000000000000000000000000
00000000000000000000000000000000
00000000000000000000000000000000
00000000000000000000000000000000
00000000000000000000000000000000
00000000000000000000000000000000
00000000000000000000000000000000
00000000000000000000000000000000
00000000000000000000000000000000
00000000000000000000000000000000
00000000000000000000000000000000
00000000000000000000000000000000
00000000000000000000000000000000
00000000000000000000000000000000
00000000000000000000000000000000
00000000000000000000000000000000
00000000000000000000000000000000
00000000000000000000000000000000
00000000000000000000000000000000
00000000000000000000000000000000
00000000000000000000000000000000
00000000000000000000000000000000
00000000000000000000000000000000
00000000000000000000000000000000
00000000000000000000000000000000
00000000000000000000000000000000
00000000000000000000000000000000
00000000000000000000000000000000
00000000000000000000000000000000
00000000000000000000000000000000
00000000000000000000000000000000
00000000000000000000000000000000
00000000000000000000000000000000
00000000000000000000000000000000
00000000000000000000000000000000
00000000000000000000000000000000
00000000000000000000000000000000
00000000000000000000000000000000
00000000000000000000000000000000
00000000000000000000000000000000
00000000000000000000000000000000
00000000000000000000000000000000
00000000000000000000000000000000
00000000000000000000000000000000
00000000000000000000000000000000
00000000000000000000000000000000
00000000000000000000000000000000
00000000000000000000000000000000
00000000000000000000000000000000
00000000000000000000000000000000
00000000000000000000000000000000
00000000000000000000000000000000
00000000000000000000000000000000
00000000000000000000000000000000
00000000000000000000000000000000
00000000000000000000000000000000
00000000000000000000000000000000
00000000000000000000000000000000
00000000000000000000000000000000
00000000000000000000000000000000
00000000000000000000000000000000
00000000000000000000000000000000
00000000000000000000000000000000
00000000000000000000000000000000
00000000000000000000000000000000
00000000000000000000000000000000
00000000000000000000000000000000
00000000000000000000000000000000
00000000000000000000000000000000
00000000000000000000000000000000
00000000000000000000000000000000
00000000000000000000000000000000
00000000000000000000000000000000
00000000000000000000000000000000
00000000000000000000000000000000
00000000000000000000000000000000
00000000000000000000000000000000
00000000000000000000000000000000
00000000000000000000000000000000
00000000000000000000000000000000
00000000000000000000000000000000
00000000000000000000000000000000
00000000000000000000000000000000
00000000000000000000000000000000
00000000000000000000000000000000
00000000000000000000000000000000
00000000000000000000000000000000
00000000000000000000000000000000
00000000000000000000000000000000
00000000000000000000000000000000
00000000000000000000000000000000
00000000000000000000000000000000
00000000000000000000000000000000
00000000000000000000000000000000
00000000000000000000000000000000
00000000000000000000000000000000
00000000000000000000000000000000
00000000000000000000000000000000
00000000000000000000000000000000
00000000000000000000000000000000
00000000000000000000000000000000
00000000000000000000000000000000
00000000000000000000000000000000
00000000000000000000000000000000
00000000000000000000000000000000
00000000000000000000000000000000
00000000000000000000000000000000
00000000000000000000000000000000
00000000000000000000000000000000
00000000000000000000000000000000
00000000000000000000000000000000
00000000000000000000000000000000
00000000000000000000000000000000
00000000000000000000000000000000
00000000000000000000000000000000
00000000000000000000000000000000
00000000000000000000000000000000
00000000000000000000000000000000
00000000000000000000000000000000
00000000000000000000000000000000
00000000000000000000000000000000
00000000000000000000000000000000
00000000000000000000000000000000
00000000000000000000000000000000
00000000000000000000000000000000
00000000000000000000000000000000
00000000000000000000000000000000
00000000000000000000000000000000
00000000000000000000000000000000
00000000000000000000000000000000
00000000000000000000000000000000
00000000000000000000000000000000
00000000000000000000000000000000
00000000000000000000000000000000
00000000000000000000000000000000
00000000000000000000000000000000
00000000000000000000000000000000
00000000000000000000000000000000
00000000000000000000000000000000
00000000000000000000000000000000
00000000000000000000000000000000
00000000000000000000000000000000
00000000000000000000000000000000
00000000000000000000000000000000
00000000000000000000000000000000
00000000000000000000000000000000
00000000000000000000000000000000
00000000000000000000000000000000
00000000000000000000000000000000
00000000000000000000000000000000
00000000000000000000000000000000
00000000000000000000000000000000
00000000000000000000000000000000
00000000000000000000000000000000
00000000000000000000000000000000
00000000000000000000000000000000
00000000000000000000000000000000
00000000000000000000000000000000
00000000000000000000000000000000
00000000000000000000000000000000
00000000000000000000000000000000
00000000000000000000000000000000
00000000000000000000000000000000
00000000000000000000000000000000
00000000000000000000000000000000
00000000000000000000000000000000
00000000000000000000000000000000
00000000000000000000000000000000
00000000000000000000000000000000
00000000000000000000000000000000
00000000000000000000000000000000
00000000000000000000000000000000
00000000000000000000000000000000
00000000000000000000000000000000
00000000000000000000000000000000
00000000000000000000000000000000
00000000000000000000000000000000
00000000000000000000000000000000
00000000000000000000000000000000
00000000000000000000000000000000
00000000000000000000000000000000
00000000000000000000000000000000
00000000000000000000000000000000
00000000000000000000000000000000
00000000000000000000000000000000
00000000000000000000000000000000
00000000000000000000000000000000
00000000000000000000000000000000
00000000000000000000000000000000
00000000000000000000000000000000
00000000000000000000000000000000
00000000000000000000000000000000
00000000000000000000000000000000
00000000000000000000000000000000
00000000000000000000000000000000
00000000000000000000000000000000
00000000000000000000000000000000
00000000000000000000000000000000
00000000000000000000000000000000
00000000000000000000000000000000
00000000000000000000000000000000
00000000000000000000000000000000
00000000000000000000000000000000
00000000000000000000000000000000
00000000000000000000000000000000
00000000000000000000000000000000
00000000000000000000000000000000
00000000000000000000000000000000
00000000000000000000000000000000
00000000000000000000000000000000
00000000000000000000000000000000
00000000000000000000000000000000
00000000000000000000000000000000
00000000000000000000000000000000
00000000000000000000000000000000
00000000000000000000000000000000
00000000000000000000000000000000
00000000000000000000000000000000
00000000000000000000000000000000
00000000000000000000000000000000
00000000000000000000000000000000
00000000000000000000000000000000
00000000000000000000000000000000
00000000000000000000000000000000
00000000000000000000000000000000
00000000000000000000000000000000
00000000000000000000000000000000
00000000000000000000000000000000
00000000000000000000000000000000
00000000000000000000000000000000
00000000000000000000000000000000
00000000000000000000000000000000
00000000000000000000000000000000
00000000000000000000000000000000
00000000000000000000000000000000
00000000000000000000000000000000
00000000000000000000000000000000
00000000000000000000000000000000
00000000000000000000000000000000
00000000000000000000000000000000
00000000000000000000000000000000
00000000000000000000000000000000
00000000000000000000000000000000
00000000000000000000000000000000
00000000000000000000000000000000
00000000000000000000000000000000
00000000000000000000000000000000
00000000000000000000000000000000
00000000000000000000000000000000
00000000000000000000000000000000
00000000000000000000000000000000
00000000000000000000000000000000
00000000000000000000000000000000
00000000000000000000000000000000
00000000000000000000000000000000
00000000000000000000000000000000
00000000000000000000000000000000
00000000000000000000000000000000
00000000000000000000000000000000
00000000000000000000000000000000
00000000000000000000000000000000
00000000000000000000000000000000
00000000000000000000000000000000
00000000000000000000000000000000
00000000000000000000000000000000
00000000000000000000000000000000
00000000000000000000000000000000
00000000000000000000000000000000
00000000000000000000000000000000
00000000000000000000000000000000
00000000000000000000000000000000
00000000000000000000000000000000
00000000000000000000000000000000
00000000000000000000000000000000
00000000000000000000000000000000
00000000000000000000000000000000
00000000000000000000000000000000
00000000000000000000000000000000
00000000000000000000000000000000
00000000000000000000000000000000
00000000000000000000000000000000
00000000000000000000000000000000
00000000000000000000000000000000
00000000000000000000000000000000
00000000000000000000000000000000
00000000000000000000000000000000
00000000000000000000000000000000
00000000000000000000000000000000
00000000000000000000000000000000
00000000000000000000000000000000
00000000000000000000000000000000
00000000000000000000000000000000
00000000000000000000000000000000
00000000000000000000000000000000
00000000000000000000000000000000
00000000000000000000000000000000
00000000000000000000000000000000
00000000000000000000000000000000
00000000000000000000000000000000
00000000000000000000000000000000
00000000000000000000000000000000
00000000000000000000000000000000
00000000000000000000000000000000
00000000000000000000000000000000
00000000000000000000000000000000
00000000000000000000000000000000
00000000000000000000000000000000
00000000000000000000000000000000
00000000000000000000000000000000
00000000000000000000000000000000
00000000000000000000000000000000
00000000000000000000000000000000
00000000000000000000000000000000
00000000000000000000000000000000
00000000000000000000000000000000
00000000000000000000000000000000
00000000000000000000000000000000
00000000000000000000000000000000
00000000000000000000000000000000
00000000000000000000000000000000
00000000000000000000000000000000
00000000000000000000000000000000
00000000000000000000000000000000
00000000000000000000000000000000
00000000000000000000000000000000
00000000000000000000000000000000
00000000000000000000000000000000
00000000000000000000000000000000
00000000000000000000000000000000
00000000000000000000000000000000
00000000000000000000000000000000
00000000000000000000000000000000
00000000000000000000000000000000
00000000000000000000000000000000
00000000000000000000000000000000
00000000000000000000000000000000
00000000000000000000000000000000
00000000000000000000000000000000
00000000000000000000000000000000
00000000000000000000000000000000
00000000000000000000000000000000
00000000000000000000000000000000
00000000000000000000000000000000
00000000000000000000000000000000
00000000000000000000000000000000
00000000000000000000000000000000
00000000000000000000000000000000
00000000000000000000000000000000
00000000000000000000000000000000
00000000000000000000000000000000
00000000000000000000000000000000
00000000000000000000000000000000
00000000000000000000000000000000
00000000000000000000000000000000
00000000000000000000000000000000
00000000000000000000000000000000
00000000000000000000000000000000
00000000000000000000000000000000
00000000000000000000000000000000
00000000000000000000000000000000
00000000000000000000000000000000
00000000000000000000000000000000
00000000000000000000000000000000
00000000000000000000000000000000
00000000000000000000000000000000
00000000000000000000000000000000
00000000000000000000000000000000
00000000000000000000000000000000
00000000000000000000000000000000
00000000000000000000000000000000
00000000000000000000000000000000
00000000000000000000000000000000
00000000000000000000000000000000
00000000000000000000000000000000
00000000000000000000000000000000
00000000000000000000000000000000
00000000000000000000000000000000
00000000000000000000000000000000
00000000000000000000000000000000
00000000000000000000000000000000
00000000000000000000000000000000
00000000000000000000000000000000
00000000000000000000000000000000
00000000000000000000000000000000
00000000000000000000000000000000
00000000000000000000000000000000
00000000000000000000000000000000
00000000000000000000000000000000
00000000000000000000000000000000
00000000000000000000000000000000
00000000000000000000000000000000
00000000000000000000000000000000
00000000000000000000000000000000
00000000000000000000000000000000
00000000000000000000000000000000
00000000000000000000000000000000
00000000000000000000000000000000
00000000000000000000000000000000
00000000000000000000000000000000
00000000000000000000000000000000
00000000000000000000000000000000
00000000000000000000000000000000
00000000000000000000000000000000
00000000000000000000000000000000
00000000000000000000000000000000
00000000000000000000000000000000
00000000000000000000000000000000
00000000000000000000000000000000
00000000000000000000000000000000
00000000000000000000000000000000
00000000000000000000000000000000
00000000000000000000000000000000
00000000000000000000000000000000
00000000000000000000000000000000
00000000000000000000000000000000
00000000000000000000000000000000
00000000000000000000000000000000
00000000000000000000000000000000
00000000000000000000000000000000
00000000000000000000000000000000
00000000000000000000000000000000
00000000000000000000000000000000
00000000000000000000000000000000
00000000000000000000000000000000
00000000000000000000000000000000
00000000000000000000000000000000
00000000000000000000000000000000
00000000000000000000000000000000
00000000000000000000000000000000
00000000000000000000000000000000
00000000000000000000000000000000
00000000000000000000000000000000
00000000000000000000000000000000
00000000000000000000000000000000
00000000000000000000000000000000
00000000000000000000000000000000
00000000000000000000000000000000
00000000000000000000000000000000
00000000000000000000000000000000
00000000000000000000000000000000
00000000000000000000000000000000
00000000000000000000000000000000
00000000000000000000000000000000
00000000000000000000000000000000
00000000000000000000000000000000
00000000000000000000000000000000
00000000000000000000000000000000
00000000000000000000000000000000
00000000000000000000000000000000
00000000000000000000000000000000
00000000000000000000000000000000
00000000000000000000000000000000
00000000000000000000000000000000
00000000000000000000000000000000
00000000000000000000000000000000
00000000000000000000000000000000
00000000000000000000000000000000
00000000000000000000000000000000
00000000000000000000000000000000
00000000000000000000000000000000
00000000000000000000000000000000
00000000000000000000000000000000
00000000000000000000000000000000
00000000000000000000000000000000
00000000000000000000000000000000
00000000000000000000000000000000
00000000000000000000000000000000
00000000000000000000000000000000
00000000000000000000000000000000
00000000000000000000000000000000
00000000000000000000000000000000
00000000000000000000000000000000
00000000000000000000000000000000
00000000000000000000000000000000
00000000000000000000000000000000
00000000000000000000000000000000
00000000000000000000000000000000
00000000000000000000000000000000
00000000000000000000000000000000
00000000000000000000000000000000
00000000000000000000000000000000
00000000000000000000000000000000
00000000000000000000000000000000
00000000000000000000000000000000
00000000000000000000000000000000
00000000000000000000000000000000
00000000000000000000000000000000
00000000000000000000000000000000
00000000000000000000000000000000
00000000000000000000000000000000
00000000000000000000000000000000
00000000000000000000000000000000
00000000000000000000000000000000
00000000000000000000000000000000
00000000000000000000000000000000
00000000000000000000000000000000
00000000000000000000000000000000
00000000000000000000000000000000
00000000000000000000000000000000
00000000000000000000000000000000
00000000000000000000000000000000
00000000000000000000000000000000
00000000000000000000000000000000
00000000000000000000000000000000
00000000000000000000000000000000
00000000000000000000000000000000
00000000000000000000000000000000
00000000000000000000000000000000
00000000000000000000000000000000
00000000000000000000000000000000
00000000000000000000000000000000
00000000000000000000000000000000
00000000000000000000000000000000
00000000000000000000000000000000
00000000000000000000000000000000
00000000000000000000000000000000
00000000000000000000000000000000
00000000000000000000000000000000
00000000000000000000000000000000
00000000000000000000000000000000
00000000000000000000000000000000
00000000000000000000000000000000
00000000000000000000000000000000
00000000000000000000000000000000
00000000000000000000000000000000
00000000000000000000000000000000
00000000000000000000000000000000
00000000000000000000000000000000
00000000000000000000000000000000
00000000000000000000000000000000
00000000000000000000000000000000
00000000000000000000000000000000
00000000000000000000000000000000
00000000000000000000000000000000
00000000000000000000000000000000
00000000000000000000000000000000
00000000000000000000000000000000
00000000000000000000000000000000
00000000000000000000000000000000
00000000000000000000000000000000
00000000000000000000000000000000
00000000000000000000000000000000
00000000000000000000000000000000
00000000000000000000000000000000
00000000000000000000000000000000
00000000000000000000000000000000
00000000000000000000000000000000
00000000000000000000000000000000
00000000000000000000000000000000
00000000000000000000000000000000
00000000000000000000000000000000
00000000000000000000000000000000
00000000000000000000000000000000
00000000000000000000000000000000
00000000000000000000000000000000
00000000000000000000000000000000
00000000000000000000000000000000
00000000000000000000000000000000
00000000000000000000000000000000
00000000000000000000000000000000
00000000000000000000000000000000
00000000000000000000000000000000
00000000000000000000000000000000
00000000000000000000000000000000
00000000000000000000000000000000
00000000000000000000000000000000
00000000000000000000000000000000
00000000000000000000000000000000
00000000000000000000000000000000
00000000000000000000000000000000
00000000000000000000000000000000
00000000000000000000000000000000
00000000000000000000000000000000
00000000000000000000000000000000
00000000000000000000000000000000
00000000000000000000000000000000
00000000000000000000000000000000
00000000000000000000000000000000
00000000000000000000000000000000
00000000000000000000000000000000
00000000000000000000000000000000
00000000000000000000000000000000
00000000000000000000000000000000
00000000000000000000000000000000
00000000000000000000000000000000
00000000000000000000000000000000
00000000000000000000000000000000
00000000000000000000000000000000
00000000000000000000000000000000
00000000000000000000000000000000
00000000000000000000000000000000
00000000000000000000000000000000
00000000000000000000000000000000
00000000000000000000000000000000
00000000000000000000000000000000
00000000000000000000000000000000
00000000000000000000000000000000
00000000000000000000000000000000
00000000000000000000000000000000
00000000000000000000000000000000
00000000000000000000000000000000
00000000000000000000000000000000
00000000000000000000000000000000
00000000000000000000000000000000
00000000000000000000000000000000
00000000000000000000000000000000
00000000000000000000000000000000
00000000000000000000000000000000
00000000000000000000000000000000
00000000000000000000000000000000
00000000000000000000000000000000
00000000000000000000000000000000
00000000000000000000000000000000
00000000000000000000000000000000
00000000000000000000000000000000
00000000000000000000000000000000
00000000000000000000000000000000
00000000000000000000000000000000
00000000000000000000000000000000
00000000000000000000000000000000
00000000000000000000000000000000
00000000000000000000000000000000
00000000000000000000000000000000
00000000000000000000000000000000
00000000000000000000000000000000
00000000000000000000000000000000
00000000000000000000000000000000
00000000000000000000000000000000
00000000000000000000000000000000
00000000000000000000000000000000
00000000000000000000000000000000
00000000000000000000000000000000
00000000000000000000000000000000
00000000000000000000000000000000
00000000000000000000000000000000
00000000000000000000000000000000
00000000000000000000000000000000
00000000000000000000000000000000
00000000000000000000000000000000
00000000000000000000000000000000
00000000000000000000000000000000
00000000000000000000000000000000
00000000000000000000000000000000
00000000000000000000000000000000
00000000000000000000000000000000
00000000000000000000000000000000
00000000000000000000000000000000
00000000000000000000000000000000
00000000000000000000000000000000
00000000000000000000000000000000
00000000000000000000000000000000
00000000000000000000000000000000
00000000000000000000000000000000
00000000000000000000000000000000
00000000000000000000000000000000
00000000000000000000000000000000
00000000000000000000000000000000
00000000000000000000000000000000
00000000000000000000000000000000
00000000000000000000000000000000
00000000000000000000000000000000
00000000000000000000000000000000
00000000000000000000000000000000
00000000000000000000000000000000
00000000000000000000000000000000
00000000000000000000000000000000
00000000000000000000000000000000
00000000000000000000000000000000
00000000000000000000000000000000
00000000000000000000000000000000
00000000000000000000000000000000
00000000000000000000000000000000
00000000000000000000000000000000
00000000000000000000000000000000
00000000000000000000000000000000
00000000000000000000000000000000
00000000000000000000000000000000
00000000000000000000000000000000
00000000000000000000000000000000
00000000000000000000000000000000
00000000000000000000000000000000
00000000000000000000000000000000
00000000000000000000000000000000
00000000000000000000000000000000
00000000000000000000000000000000
00000000000000000000000000000000
00000000000000000000000000000000
00000000000000000000000000000000
00000000000000000000000000000000
00000000000000000000000000000000
00000000000000000000000000000000
00000000000000000000000000000000
00000000000000000000000000000000
00000000000000000000000000000000
00000000000000000000000000000000
00000000000000000000000000000000
00000000000000000000000000000000
00000000000000000000000000000000
00000000000000000000000000000000
00000000000000000000000000000000
00000000000000000000000000000000
00000000000000000000000000000000
00000000000000000000000000000000
00000000000000000000000000000000
00000000000000000000000000000000
00000000000000000000000000000000
00000000000000000000000000000000
00000000000000000000000000000000
00000000000000000000000000000000
00000000000000000000000000000000
00000000000000000000000000000000
00000000000000000000000000000000
00000000000000000000000000000000
00000000000000000000000000000000
00000000000000000000000000000000
00000000000000000000000000000000
00000000000000000000000000000000
00000000000000000000000000000000
00000000000000000000000000000000
00000000000000000000000000000000
00000000000000000000000000000000
00000000000000000000000000000000
00000000000000000000000000000000
00000000000000000000000000000000
00000000000000000000000000000000
00000000000000000000000000000000
00000000000000000000000000000000
00000000000000000000000000000000
00000000000000000000000000000000
00000000000000000000000000000000
00000000000000000000000000000000
00000000000000000000000000000000
00000000000000000000000000000000
00000000000000000000000000000000
00000000000000000000000000000000
00000000000000000000000000000000
00000000000000000000000000000000
00000000000000000000000000000000
00000000000000000000000000000000
00000000000000000000000000000000
00000000000000000000000000000000
00000000000000000000000000000000
00000000000000000000000000000000
00000000000000000000000000000000
00000000000000000000000000000000
00000000000000000000000000000000
00000000000000000000000000000000
00000000000000000000000000000000
00000000000000000000000000000000
00000000000000000000000000000000
00000000000000000000000000000000
00000000000000000000000000000000
00000000000000000000000000000000
00000000000000000000000000000000
00000000000000000000000000000000
00000000000000000000000000000000
00000000000000000000000000000000
00000000000000000000000000000000
00000000000000000000000000000000
00000000000000000000000000000000
00000000000000000000000000000000
00000000000000000000000000000000
00000000000000000000000000000000
00000000000000000000000000000000
