001
001
001
011
000
000
001
001
011
000
000
001
001
011
001
001
001
001
001
001
001
001
001
001
001
001
001
001
001
001
001
001
001
001
001
100
010
010
001
001
001
001
001
001
001
001
001
001
001
001
001
001
001
100
010
010
001
001
001
001
001
001
001
001
001
001
001
001
001
001
001
001
001
100
010
010
001
001
001
001
001
001
001
001
001
001
001
001
001
001
001
001
001
001
100
010
010
001
001
001
001
001
001
001
001
001
001
001
001
001
001
001
001
001
001
100
010
010
001
001
001
001
001
001
001
001
001
001
001
001
001
001
100
010
010
001
001
001
001
001
001
001
001
001
001
001
100
010
010
001
001
001
001
001
001
001
001
001
001
001
100
010
010
001
001
001
001
001
001
001
001
001
001
001
001
001
001
001
100
010
010
001
001
001
001
001
001
001
001
001
001
001
001
001
001
001
001
001
100
010
010
001
001
001
001
001
001
001
001
001
001
001
001
001
001
001
001
001
100
010
010
001
001
001
001
001
001
001
001
001
001
001
001
001
001
001
001
001
100
010
010
001
001
001
001
001
001
001
001
001
001
001
001
100
010
010
001
001
001
001
001
001
001
001
001
001
001
001
100
010
010
010
101
